# Alumni donation amounts, one per line, USD. 200 entries. ONE ENTRY IS A MIS-KEY (90000.00) -- it should not be here.
338.66
611.35
520.36
555.60
166.13
183.59
394.13
277.24
210.98
436.22
71.33
186.20
440.25
142.41
154.51
313.54
268.19
185.78
144.81
435.30
338.01
178.96
296.42
199.99
161.99
169.75
126.18
261.32
470.15
253.06
171.86
178.27
227.89
285.45
147.03
393.62
332.02
376.30
415.03
256.35
187.64
275.44
172.39
245.22
231.27
209.30
259.17
303.34
225.84
163.67
290.89
249.94
514.49
238.32
277.94
152.76
171.06
284.05
276.35
227.93
206.79
193.02
178.33
90000.00
385.97
255.32
256.80
121.85
574.50
318.38
98.01
145.36
391.55
279.03
158.92
246.79
161.84
364.70
145.55
186.55
274.44
319.58
388.26
444.18
435.79
282.73
163.59
182.79
519.96
224.86
117.80
152.98
109.77
194.11
281.81
163.97
285.54
171.86
253.90
200.22
269.29
243.15
207.15
219.87
551.40
97.63
245.80
457.32
303.52
187.41
242.38
141.85
488.26
220.77
224.37
91.04
522.69
415.08
183.25
237.79
192.71
238.78
119.58
142.38
253.13
155.61
168.71
266.19
363.77
211.14
189.90
221.34
404.46
384.73
306.07
226.89
242.27
126.86
180.01
397.16
253.28
342.15
162.70
350.42
398.24
283.67
781.44
172.34
551.41
218.21
318.87
179.01
371.89
334.03
178.38
99.86
262.10
116.12
217.65
206.25
363.38
439.81
392.02
255.15
202.75
215.90
294.70
318.89
342.56
125.81
401.44
220.10
176.79
372.74
143.43
230.22
346.42
223.99
155.90
132.91
347.27
813.89
190.50
333.06
300.50
115.46
234.33
259.09
235.58
304.43
267.61
187.37
336.86
362.06
346.47
283.07
129.20
223.38
220.89
156.82
